Flux Mass 0.01 0.02 0.05 0.1 0.2 0.5 1 2 5 10 20
0.1 1 1.08 1.10 1.13 1.17 1.22 1.37 1.53 1.75 2.25 2.94 4.14
0.1 1.5 1.19 1.20 1.23 1.27 1.31 1.45 1.60 1.81 2.28 2.93 4.05
0.1 2.4 1.32 1.34 1.37 1.40 1.45 1.58 1.71 1.90 2.35 2.95 3.98
0.1 3.6 1.45 1.47 1.49 1.53 1.58 1.70 1.82 2.01 2.44 3.01 3.97
0.1 5.5 1.60 1.62 1.64 1.67 1.75 1.84 1.96 2.15 2.56 3.11 4.03
0.1 8.5 1.77 1.78 1.80 1.84 1.91 2.00 2.13 2.31 2.72 3.25 4.14
0.1 13 1.94 1.95 1.97 2.00 2.09 2.17 2.30 2.48 2.90 3.44 4.31
0.1 20 2.12 2.14 2.16 2.19 2.25 2.36 2.49 2.68 3.10 3.65 4.53
10 1 1.23 1.25 1.28 1.31 1.44 1.68 1.87 2.17 2.84 3.70 5.11
10 1.5 1.31 1.33 1.36 1.40 1.49 1.72 1.90 2.19 2.83 3.66 5.03
10 2.4 1.43 1.44 1.47 1.51 1.60 1.78 1.96 2.21 2.80 3.58 4.89
10 3.6 1.54 1.55 1.58 1.62 1.73 1.87 2.03 2.27 2.81 3.53 4.75
10 5.5 1.67 1.69 1.71 1.75 1.85 1.98 2.13 2.35 2.86 3.52 4.64
10 8.5 1.82 1.84 1.86 1.90 1.98 2.11 2.25 2.47 2.95 3.58 4.61
10 13 1.98 1.99 2.02 2.05 2.13 2.26 2.40 2.61 3.07 3.68 4.66
10 20 2.16 2.17 2.20 2.23 2.32 2.43 2.56 2.77 3.23 3.83 4.77
1000 1 1.76 1.81 1.88 1.96 2.01 2.08 2.18 2.31 2.70 3.49 4.88
1000 1.5 1.77 1.81 1.88 1.94 1.99 2.08 2.17 2.33 2.91 3.76 5.36
1000 2.4 1.82 1.85 1.90 1.95 2.00 2.08 2.22 2.49 3.10 3.94 5.55
1000 3.6 1.87 1.90 1.94 1.98 2.03 2.12 2.30 2.58 3.20 4.03 5.54
1000 5.5 1.95 1.97 2.01 2.04 2.10 2.21 2.38 2.64 3.26 4.08 5.49
1000 8.5 2.05 2.07 2.10 2.12 2.19 2.31 2.48 2.73 3.31 4.10 5.44
1000 13 2.17 2.18 2.21 2.23 2.34 2.43 2.59 2.83 3.38 4.13 5.40
1000 20 2.31 2.32 2.34 2.36 2.47 2.57 2.72 2.95 3.49 4.20 5.38
