Flux Mass 0.01 0.02 0.05 0.1 0.2 0.5 1 2 5 10 20
0.1 1 1.07 1.09 1.12 1.15 1.37 1.68 1.98 2.43 3.11 4.26 6.74
0.1 1.5 1.18 1.19 1.22 1.26 1.45 1.74 1.99 2.38 3.27 3.96 6.10
0.1 2.4 1.32 1.33 1.36 1.39 1.60 1.82 2.05 2.38 3.22 4.23 5.52
0.1 3.6 1.45 1.46 1.49 1.52 1.71 1.90 2.10 2.42 3.15 4.25 5.62
0.1 5.5 1.60 1.61 1.64 1.67 1.85 2.02 2.19 2.47 3.16 4.13 5.84
0.1 8.5 1.77 1.78 1.80 1.84 1.99 2.15 2.32 2.57 3.19 4.09 5.74
0.1 13 1.94 1.95 1.97 2.01 2.15 2.30 2.46 2.70 3.28 4.11 5.58
0.1 20 2.12 2.13 2.16 2.21 2.32 2.46 2.62 2.86 3.42 4.17 5.56
10 1 1.18 1.20 1.23 1.27 1.50 1.84 2.20 2.72 3.63 5.07 7.45
10 1.5 1.27 1.29 1.32 1.36 1.56 1.87 2.16 2.60 3.58 4.68 6.96
10 2.4 1.40 1.41 1.44 1.48 1.68 1.92 2.17 2.54 3.47 4.52 6.24
10 3.6 1.51 1.53 1.55 1.59 1.77 1.98 2.20 2.54 3.34 4.53 5.85
10 5.5 1.65 1.66 1.69 1.72 1.90 2.07 2.27 2.56 3.31 4.36 6.14
10 8.5 1.81 1.82 1.84 1.89 2.03 2.20 2.37 2.64 3.31 4.27 5.99
10 13 1.97 1.98 2.01 2.05 2.18 2.34 2.50 2.76 3.37 4.24 5.76
10 20 2.15 2.16 2.18 2.24 2.36 2.49 2.65 2.90 3.49 4.27 5.68
1000 1 1.61 1.65 1.71 1.77 1.85 2.20 2.60 3.09 4.24 6.04 8.75
1000 1.5 1.65 1.68 1.73 1.78 1.88 2.24 2.59 3.10 4.14 5.91 9.34
1000 2.4 1.71 1.73 1.78 1.82 1.96 2.26 2.57 3.02 4.13 5.50 8.76
1000 3.6 1.78 1.80 1.84 1.87 2.02 2.27 2.54 2.96 3.94 5.34 7.86
1000 5.5 1.87 1.89 1.92 1.94 2.11 2.32 2.54 2.90 3.80 5.05 7.13
1000 8.5 1.99 2.00 2.02 2.05 2.21 2.39 2.59 2.90 3.68 4.81 6.84
1000 13 2.12 2.13 2.15 2.19 2.32 2.49 2.67 2.96 3.65 4.65 6.41
1000 20 2.27 2.27 2.29 2.34 2.46 2.61 2.78 3.06 3.70 4.57 6.14
