Flux Mass 0.01 0.02 0.05 0.1 0.2 0.5 1 2 5 10 20
0.1 1 1.25 1.17 1.19 1.24 1.43 1.89 2.57 3.00 4.32 6.81 11.7
0.1 1.5 1.31 1.25 1.28 1.31 1.47 1.93 2.58 3.17 3.97 6.18 10.6
0.1 2.4 1.42 1.37 1.41 1.44 1.60 2.14 2.51 3.11 4.30 5.36 9.05
0.1 3.6 1.53 1.49 1.52 1.57 1.71 2.18 2.51 3.02 4.31 5.57 7.86
0.1 5.5 1.66 1.63 1.67 1.72 1.84 2.23 2.53 2.97 4.09 5.69 7.25
0.1 8.5 1.82 1.79 1.82 1.87 2.00 2.33 2.57 2.95 3.90 5.29 7.73
0.1 13 1.97 1.96 1.99 2.04 2.16 2.45 2.67 3.00 3.81 4.99 7.25
0.1 20 2.15 2.14 2.17 2.23 2.33 2.58 2.79 3.10 3.82 4.82 6.68
10 1 1.34 1.25 1.29 1.35 1.53 2.05 2.79 3.12 4.72 7.13 11.1
10 1.5 1.38 1.33 1.37 1.41 1.58 2.07 2.80 3.41 4.31 6.47 10.4
10 2.4 1.47 1.44 1.48 1.51 1.68 2.25 2.67 3.32 4.50 5.67 9.14
10 3.6 1.58 1.54 1.58 1.64 1.77 2.26 2.62 3.17 4.55 5.71 8.11
10 5.5 1.70 1.67 1.71 1.77 1.89 2.30 2.60 3.07 4.27 5.94 7.30
10 8.5 1.85 1.83 1.86 1.92 2.04 2.37 2.63 3.01 4.01 5.50 7.98
10 13 1.99 1.99 2.02 2.08 2.19 2.48 2.70 3.04 3.88 5.12 7.50
10 20 2.17 2.17 2.19 2.25 2.35 2.61 2.82 3.13 3.87 4.90 6.81
1000 1 1.59 1.63 1.70 1.75 1.88 2.42 3.13 3.99 6.21 8.88 11.3
1000 1.5 1.63 1.67 1.72 1.77 1.90 2.46 3.25 3.84 6.01 9.41 14.0
1000 2.4 1.70 1.72 1.77 1.81 1.97 2.63 3.13 3.89 5.35 8.59 15.4
1000 3.6 1.77 1.79 1.83 1.87 2.02 2.57 3.01 3.67 5.23 7.27 13.4
1000 5.5 1.87 1.88 1.92 1.96 2.10 2.54 2.90 3.46 4.89 6.68 10.3
1000 8.5 1.99 2.00 2.03 2.08 2.21 2.56 2.86 3.31 4.48 6.23 8.82
1000 13 2.12 2.12 2.15 2.21 2.32 2.63 2.89 3.27 4.22 5.64 8.36
1000 20 2.27 2.27 2.30 2.36 2.47 2.73 2.95 3.30 4.12 5.28 7.38
