Flux Mass 0.01 0.02 0.05 0.1 0.2 0.5 1 2 5 10 20
0.1 1 1.08 1.10 1.13 1.17 1.24 1.37 1.53 1.75 2.32 2.97 4.14
0.1 1.5 1.19 1.20 1.23 1.27 1.34 1.46 1.61 1.82 2.33 3.04 4.05
0.1 2.4 1.32 1.34 1.37 1.40 1.47 1.57 1.71 1.92 2.40 3.07 4.13
0.1 3.6 1.45 1.47 1.49 1.53 1.59 1.70 1.83 2.01 2.49 3.12 4.23
0.1 5.5 1.60 1.62 1.64 1.67 1.76 1.85 1.97 2.16 2.59 3.22 4.27
0.1 8.5 1.77 1.78 1.80 1.84 1.88 2.02 2.14 2.32 2.75 3.34 4.37
0.1 13 1.94 1.95 1.97 2.00 2.10 2.18 2.30 2.50 2.93 3.50 4.51
0.1 20 2.12 2.14 2.16 2.19 2.27 2.37 2.49 2.69 3.13 3.71 4.66
10 1 1.23 1.25 1.28 1.31 1.39 1.55 1.75 2.02 2.72 3.70 5.11
10 1.5 1.31 1.33 1.36 1.40 1.48 1.62 1.79 2.05 2.66 3.57 5.03
10 2.4 1.43 1.44 1.47 1.51 1.58 1.70 1.85 2.10 2.65 3.44 4.89
10 3.6 1.54 1.55 1.58 1.62 1.69 1.80 1.94 2.15 2.69 3.41 4.67
10 5.5 1.67 1.69 1.71 1.75 1.84 1.93 2.07 2.27 2.75 3.44 4.61
10 8.5 1.82 1.84 1.86 1.90 1.98 2.08 2.21 2.41 2.86 3.51 4.62
10 13 1.98 1.99 2.02 2.05 2.14 2.23 2.36 2.56 3.02 3.63 4.70
10 20 2.16 2.17 2.20 2.23 2.31 2.41 2.54 2.74 3.21 3.81 4.81
1000 1 1.76 1.81 1.88 1.96 2.01 2.08 2.16 2.29 2.60 3.49 4.88
1000 1.5 1.77 1.81 1.88 1.94 1.99 2.05 2.15 2.28 2.83 3.72 5.36
1000 2.4 1.82 1.85 1.90 1.95 1.99 2.05 2.14 2.36 3.01 3.89 5.55
1000 3.6 1.87 1.90 1.94 1.98 2.02 2.09 2.18 2.42 3.10 3.97 5.48
1000 5.5 1.95 1.97 2.01 2.04 2.09 2.15 2.31 2.54 3.14 4.01 5.47
1000 8.5 2.05 2.07 2.10 2.12 2.15 2.28 2.43 2.67 3.21 4.01 5.40
1000 13 2.17 2.18 2.21 2.23 2.28 2.40 2.55 2.79 3.33 4.05 5.35
1000 20 2.31 2.32 2.34 2.36 2.45 2.55 2.69 2.92 3.45 4.15 5.32
