Flux Mass 0.01 0.02 0.05 0.1 0.2 0.5 1 2 5 10 20
0.1 1 1.22 1.16 1.18 1.21 1.32 1.65 2.17 2.75 4.32 6.81 11.7
0.1 1.5 1.30 1.24 1.26 1.30 1.40 1.71 2.15 2.65 3.97 6.18 10.6
0.1 2.4 1.41 1.36 1.40 1.42 1.53 1.79 2.17 2.58 3.66 5.36 9.05
0.1 3.6 1.53 1.49 1.51 1.54 1.64 1.89 2.21 2.56 3.49 4.93 7.86
0.1 5.5 1.66 1.63 1.66 1.69 1.79 2.01 2.28 2.60 3.37 4.58 6.96
0.1 8.5 1.81 1.79 1.82 1.85 1.95 2.14 2.39 2.67 3.36 4.35 6.32
0.1 13 1.97 1.97 1.98 2.02 2.11 2.30 2.52 2.78 3.41 4.29 5.94
0.1 20 2.15 2.15 2.17 2.20 2.29 2.47 2.67 2.93 3.52 4.32 5.75
10 1 1.32 1.24 1.27 1.31 1.44 1.82 2.40 3.06 4.72 7.13 11.1
10 1.5 1.36 1.32 1.35 1.38 1.50 1.84 2.32 2.88 4.31 6.47 10.4
10 2.4 1.46 1.43 1.48 1.50 1.59 1.88 2.26 2.71 3.88 5.67 9.14
10 3.6 1.57 1.55 1.58 1.60 1.71 1.95 2.27 2.64 3.61 5.13 8.11
10 5.5 1.69 1.68 1.71 1.73 1.84 2.05 2.33 2.66 3.46 4.70 7.13
10 8.5 1.84 1.83 1.86 1.89 1.98 2.18 2.43 2.72 3.42 4.43 6.39
10 13 1.99 2.01 2.02 2.05 2.14 2.32 2.55 2.82 3.46 4.35 5.96
10 20 2.17 2.18 2.19 2.23 2.31 2.49 2.69 2.95 3.56 4.37 5.77
1000 1 1.59 1.63 1.70 1.75 1.83 2.30 3.12 3.99 6.21 8.88 11.3
1000 1.5 1.63 1.67 1.72 1.77 1.89 2.31 3.02 3.83 6.01 9.41 14.0
1000 2.4 1.70 1.72 1.77 1.81 1.93 2.32 2.90 3.55 5.35 8.59 15.4
1000 3.6 1.77 1.79 1.83 1.87 1.99 2.34 2.81 3.36 4.82 7.27 13.4
1000 5.5 1.87 1.88 1.92 1.96 2.08 2.37 2.76 3.22 4.39 6.25 10.3
1000 8.5 1.99 2.00 2.03 2.08 2.19 2.50 2.76 3.15 4.12 5.56 8.48
1000 13 2.12 2.12 2.15 2.21 2.31 2.58 2.81 3.16 3.99 5.18 7.43
1000 20 2.27 2.27 2.30 2.35 2.45 2.68 2.90 3.21 3.94 4.97 6.80
