Flux Mass 0.01 0.02 0.05 0.1 0.2 0.5 1 2 5 10 20
0.1 1 1.07 1.09 1.12 1.15 1.28 1.55 1.79 2.13 2.98 4.26 6.74
0.1 1.5 1.18 1.19 1.22 1.26 1.38 1.62 1.82 2.13 2.87 3.96 6.10
0.1 2.4 1.32 1.33 1.36 1.39 1.52 1.72 1.90 2.16 2.81 3.75 5.52
0.1 3.6 1.45 1.46 1.49 1.52 1.65 1.82 1.99 2.23 2.81 3.65 5.21
0.1 5.5 1.60 1.61 1.64 1.67 1.79 1.95 2.11 2.34 2.87 3.62 5.00
0.1 8.5 1.77 1.78 1.80 1.83 1.94 2.10 2.25 2.47 2.97 3.67 4.91
0.1 13 1.94 1.95 1.97 2.00 2.11 2.25 2.40 2.61 3.11 3.77 4.92
0.1 20 2.12 2.13 2.16 2.19 2.30 2.42 2.57 2.78 3.28 3.92 5.00
10 1 1.18 1.20 1.23 1.27 1.47 1.81 2.12 2.58 3.63 5.07 7.45
10 1.5 1.27 1.29 1.32 1.36 1.52 1.82 2.08 2.47 3.40 4.68 6.96
10 2.4 1.40 1.41 1.44 1.48 1.63 1.86 2.08 2.41 3.18 4.26 6.24
10 3.6 1.51 1.53 1.55 1.59 1.72 1.93 2.12 2.40 3.07 4.02 5.73
10 5.5 1.65 1.66 1.69 1.72 1.85 2.02 2.19 2.45 3.04 3.86 5.34
10 8.5 1.81 1.82 1.84 1.88 1.99 2.15 2.31 2.54 3.08 3.81 5.09
10 13 1.97 1.98 2.01 2.04 2.15 2.29 2.44 2.67 3.18 3.86 5.02
10 20 2.15 2.16 2.18 2.22 2.32 2.45 2.60 2.82 3.33 3.99 5.07
1000 1 1.61 1.65 1.71 1.77 1.81 2.15 2.50 3.01 4.24 6.04 8.75
1000 1.5 1.65 1.68 1.73 1.78 1.87 2.18 2.50 2.98 4.14 5.91 9.34
1000 2.4 1.71 1.73 1.78 1.82 1.93 2.21 2.50 2.91 3.93 5.50 8.76
1000 3.6 1.78 1.80 1.84 1.87 1.99 2.24 2.50 2.87 3.77 5.11 7.86
1000 5.5 1.87 1.89 1.92 1.94 2.10 2.30 2.52 2.85 3.65 4.79 7.00
1000 8.5 1.99 2.00 2.02 2.05 2.19 2.38 2.58 2.88 3.59 4.58 6.39
1000 13 2.12 2.13 2.15 2.19 2.31 2.48 2.66 2.94 3.59 4.48 6.05
1000 20 2.27 2.27 2.29 2.34 2.45 2.61 2.78 3.04 3.65 4.47 5.85
