0.7565	0.7722
2.0321	1.0330
3.6721	1.2304
5.7587	1.4029
8.3911	1.5599
9.5542	1.6166
10.8198	1.6728
12.1958	1.7287
13.6906	1.7843
15.3133	1.8399
17.0736	1.8956
18.9819	1.9513
21.0494	2.0072
23.2881	2.0628
25.7108	2.1184
28.3312	2.1742
31.1641	2.2302
34.2253	2.2867
37.5316	2.3438
41.1012	2.4015
44.9534	2.4592
49.109	2.5173
53.5903	2.5759
58.421	2.6353
63.6266	2.6952
69.2344	2.7557
75.2737	2.8165
81.7756	2.8778
88.7736	2.9397
96.3036	3.0023
104.404	3.0657
113.115	3.1297
122.482	3.1945
132.551	3.2600
