x y
1.58489    1.73997   
1.62181    1.74143   
1.65959    1.74297   
1.69824    1.74458   
1.73780    1.74626   
1.77828    1.74802   
1.81970    1.74985   
1.86209    1.75176   
1.90546    1.75374   
1.94984    1.75580   
1.99526    1.75794   
2.04174    1.76015   
2.08930    1.76244   
2.13796    1.76480   
2.18776    1.76725   
2.23872    1.76977   
2.29087    1.77236   
2.34423    1.77504   
2.39883    1.77779   
2.45471    1.78062   
2.51189    1.78353   
2.57040    1.78653   
2.63027    1.78960   
2.69153    1.79275   
2.75423    1.79598   
2.81838    1.79929   
2.88403    1.80269   
2.95121    1.80616   
3.01995    1.80972   
3.09030    1.81336   
3.16228    1.81709   
3.23594    1.82090   
3.31131    1.82479   
3.38844    1.82877   
3.46737    1.83283   
3.54813    1.83698   
3.63078    1.84121   
3.71535    1.84554   
3.80189    1.84995   
3.89045    1.85444   
3.98107    1.85903   
4.07380    1.86371   
4.16869    1.86847   
4.26580    1.87333   
4.36516    1.87828   
4.46684    1.88331   
4.57088    1.88845   
4.67735    1.89367   
4.78630    1.89899   
4.89779    1.90440   
5.01187    1.90991   
5.12861    1.91552   
5.24807    1.92122   
5.37032    1.92702   
5.49541    1.93292   
5.62341    1.93891   
5.75440    1.94501   
5.88844    1.95121   
6.02560    1.95751   
6.16595    1.96391   
6.30957    1.97041   
6.45654    1.97702   
6.60693    1.98374   
6.76083    1.99056   
6.91831    1.99748   
7.07946    2.00452   
7.24436    2.01166   
7.41310    2.01892   
7.58578    2.02628   
7.76247    2.03376   
7.94328    2.04135   
8.12831    2.04905   
8.31764    2.05687   
8.51138    2.06481   
8.70964    2.07286   
8.91251    2.08103   
9.12011    2.08932   
9.33254    2.09773   
9.54993    2.10627   
9.77237    2.11492   
10.00000   2.12370   
10.23293   2.13261   
10.47129   2.14164   
10.71519   2.15081   
10.96478   2.16010   
11.22018   2.16952   
11.48154   2.17907   
11.74898   2.18876   
12.02264   2.19859   
12.30269   2.20854   
12.58925   2.21864   
12.88250   2.22888   
13.18257   2.23926   
13.48963   2.24978   
13.80384   2.26044   
14.12538   2.27125   
14.45440   2.28221   
14.79108   2.29331   
15.13561   2.30457   
15.48817   2.31598   
15.84893   2.32754   
16.21810   2.33926   
16.59587   2.35113   
16.98244   2.36317   
17.37801   2.37536   
17.78279   2.38772   
18.19701   2.40024   
18.62087   2.41293   
19.05461   2.42579   
19.49845   2.43881   
19.95262   2.45202   
