0.047	0.58
0.062	0.63
0.082	0.685
0.109	0.746
0.144	0.81
0.19	0.879
0.249	0.952
0.325	1.028
0.421	1.107
0.542	1.19
0.694	1.276
0.887	1.366
1.132	1.461
1.444	1.562
1.841	1.669
2.346	1.782
2.985	1.901
3.77	2.023
4.735	2.147
5.909	2.274
7.325	2.401
9.038	2.529
11.11	2.66
13.553	2.789
16.423	2.915
19.775	3.039
23.681	3.16
28.214	3.278
33.486	3.393
39.618	3.506
46.72	3.616
54.92	3.724
64.215	3.826
74.794	3.924
86.759	4.016
100.146	4.102
115.114	4.181
131.826	4.255
150.454	4.322
171.181	4.383
194.204	4.438
219.741	4.488
248.036	4.532
279.37	4.57
314.066	4.604
352.498	4.633
395.1	4.657
442.363	4.677
494.844	4.694
 
