0.085	16.679
0.105	4.387
0.133	2.821
0.168	2.251
0.212	1.968
0.269	1.815
0.341	1.742
0.432	1.712
0.547	1.71
0.691	1.731
0.871	1.769
1.076	1.811
1.291	1.85
1.578	1.901
1.954	1.963
2.442	2.037
3.067	2.124
3.841	2.218
4.795	2.32
5.96	2.426
7.369	2.536
9.075	2.65
11.142	2.767
13.58	2.884
16.446	3.001
19.795	3.116
23.698	3.229
28.228	3.34
33.498	3.449
39.628	3.556
46.728	3.662
54.927	3.764
64.221	3.863
74.799	3.957
86.763	4.046
100.15	4.129
115.116	4.206
131.828	4.277
150.456	4.342
171.183	4.401
194.205	4.455
219.742	4.503
248.037	4.545
279.37	4.582
314.066	4.615
352.499	4.642
395.1	4.666
442.363	4.685
494.844	4.701
 
