0.0094	0.2533
0.0133	0.2831
0.0188	0.3167
0.0263	0.3533
0.0363	0.3926
0.0502	0.436
0.0668	0.4778
0.0883	0.5214
0.1151	0.5659
0.1453	0.6064
0.1882	0.6542
0.2467	0.7083
0.3252	0.7682
0.4289	0.8332
0.5643	0.9031
0.7393	0.9772
0.9634	1.0552
1.2479	1.1368
1.6061	1.2214
2.0541	1.3089
2.6105	1.3987
3.2973	1.4906
4.1404	1.5844
5.1702	1.6797
6.4220	1.7763
7.9376	1.8739
9.7656	1.9725
11.9628	2.0718
14.5957	2.1716
17.7419	2.2719
21.4589	2.3716
25.6899	2.4665
30.5051	2.5564
35.9972	2.6420
42.2655	2.7237
49.4164	2.8016
57.5637	2.8759
66.8285	2.9467
77.339	3.0138
89.2314	3.0774
102.6513	3.1372
117.7562	3.1933
134.7189	3.2455
153.7329	3.2941
175.0178	3.3389
198.8262	3.3801
225.4501	3.4179
255.2280	3.4524
288.5492	3.484
325.8570	3.5128
367.6497	3.539
414.4773	3.5629
466.9373	3.5847
525.6648	3.6044
591.3243	3.6222
664.5985	3.6379
 
