0.061	1.108
0.078	1.076
0.096	1.065
0.121	1.064
0.154	1.08
0.199	1.109
0.257	1.150
0.331	1.199
0.426	1.256
0.546	1.321
0.698	1.391
0.89	1.467
1.135	1.551
1.446	1.641
1.843	1.739
2.348	1.844
2.986	1.956
3.772	2.072
4.736	2.192
5.91	2.313
7.326	2.436
9.038	2.561
11.111	2.689
13.553	2.814
16.424	2.939
19.775	3.06
23.681	3.179
28.214	3.295
33.486	3.409
39.618	3.52
46.72	3.629
54.92	3.735
64.216	3.836
74.794	3.933
86.759	4.024
100.146	4.109
115.114	4.188
131.826	4.261
150.454	4.328
171.181	4.388
194.204	4.443
219.741	4.492
248.036	4.535
279.37	4.574
314.066	4.607
352.499	4.635
395.1	4.659
442.363	4.679
494.844	4.696
 
