0.069	2.065
0.089	1.688
0.115	1.511
0.148	1.424
0.191	1.389
0.245	1.381
0.314	1.396
0.402	1.427
0.485	1.457
0.596	1.493
0.74	1.539
0.926	1.595
1.165	1.661
1.472	1.737
1.865	1.822
2.367	1.916
3.002	2.019
3.785	2.128
4.748	2.24
5.92	2.357
7.334	2.475
9.046	2.595
11.117	2.719
13.559	2.842
16.428	2.963
19.779	3.082
23.685	3.199
28.217	3.313
33.488	3.425
39.62	3.534
46.722	3.642
54.922	3.747
64.217	3.847
74.795	3.942
86.76	4.033
100.147	4.117
115.114	4.195
131.826	4.267
150.454	4.333
171.181	4.393
194.204	4.448
219.741	4.496
248.036	4.539
279.37	4.577
314.066	4.61
352.499	4.638
395.1	4.662
442.363	4.682
494.844	4.698
 
