0.0021	0.1175
0.0029	0.1314
0.0041	0.1469
0.0057	0.1641
0.008	0.1832
0.0111	0.2041
0.0154	0.2272
0.0213	0.2525
0.0293	0.2801
0.0401	0.31
0.0546	0.3422
0.0739	0.3768
0.0993	0.4138
0.1326	0.4529
0.1758	0.4943
0.2313	0.5376
0.3023	0.5828
0.3921	0.6297
0.5051	0.6781
0.6462	0.7279
0.8212	0.7789
1.0371	0.831
1.3018	0.884
1.625	0.9377
2.0176	0.9922
2.4927	1.0471
3.0655	1.1025
3.7538	1.1582
4.5782	1.2142
5.5631	1.2705
6.7367	1.3269
8.1322	1.3834
9.7879	1.4400
11.7489	1.4966
14.0676	1.5532
16.805	1.6099
20.0062	1.6660
23.7165	1.7209
28.0181	1.7747
33.0006	1.8275
38.7619	1.8791
45.4074	1.9294
53.0498	1.9785
61.8097	2.0260
71.8161	2.0719
83.2082	2.116
96.1382	2.1581
110.7759	2.1982
127.3145	2.2361 
