0.003	0.1648
0.0042	0.1831
0.0059	0.2036
0.0082	0.2267
0.0114	0.2524
0.0159	0.281
0.0221	0.3128
0.0306	0.3476
0.042	0.3854
0.0575	0.4265
0.0779	0.4697
0.1046	0.515
0.1393	0.5625
0.1831	0.61
0.2402	0.6608
0.3142	0.7150
0.4093	0.7725
0.5304	0.8330
0.6835	0.8964
0.8756	0.9625
1.115	1.0309
1.4114	1.1015
1.7763	1.1741
2.2233	1.2485
2.7682	1.3245
3.4297	1.4019
4.2296	1.4806
5.1932	1.5604
6.3505	1.6412
7.7363	1.7228
9.3912	1.8052
11.3628	1.8883
13.7066	1.9719
16.4870	2.0559
19.7797	2.1404
23.6585	2.2246
28.152	2.3063
33.3138	2.3848
39.2487	2.4602
46.0693	2.5325
53.8965	2.6019
62.8692	2.6683
73.1339	2.7319
84.8337	2.7924
98.1197	2.8497
113.1545	2.9034
130.1162	2.9536
149.2054	3.0002
170.6534	3.0431 
